$ANSIBLE_VAULT;1.1;AES256
38353932373136663136393536623839343166336664346330623166353536373263633565636466
6536366166386339343031636461373037336262626336330a383830653363383635383235386366
37643832386665646532306133316465323063623865333237363463336634633035303230653730
6465313933313762330a643338623636623339643633333664346239396633306236396232636233
35396632336130623837303238393864663038623732336337656365653730653738306133326335
30313061313566666466636163613432653939656331653464393336346332313538653064363433
63386365653238653464366162346137303337646439623134386537653334633663373830313632
63636365366235313339326165633636353235353736353632626535643261613933613936373662
64373539366534396630376664363830643132303736356434333136633133666465393166653265
36303037323037343239303233393333663661636366613838336238346564323433613731653566
66653832356436666635623636653037386664653964663630376262626263306566643466656435
64343866393463343434376135336338653565376330326630323036386565646632643865366435
66366262623962613536363138326238356564613561643833666337376435313434316564366431
35366332633336623634663937386365366637663161346334306165353933633866636461663766
64386635646235393333343532353137346137303764663666396461653134303430386134373862
36386139646134363032316232393036366162346530643961613561633934366465376534323031
63373965666135643634363231393662623831636632353761393566656234623635666332653733
31306437346138643661373366646133663739326466353465373364626136383965333531366537
64313536323465643565313433643330613639336464623739643266303830343634383565653838
65653232353766663361366632393635323264653133353063646637316233363562613638303465
30373839313731646633303933613939636164383732326133386564636562616630326430646433
66623363646265373738366530633966353131346363386561316531663362323831346133316366
35316562623334393739366438303364326663636133383330393533303633363133383464636263
62353437366639656233323464346166653534353232383831393237373436653065333838343538
61323738386537613561646634643138323631623566316234333430623231343663646365643263
33646532666266666265613234376562356231303531613238366363383437353764653637386537
64643961306533623464363937373339356135376566623838663363313035336235636662356432
62653836306535356464356165323536306337636330343966333031333464326333373632333530
39383132376339656134303863393130623862323761323330663032343561393036363265356537
33313766333739623562396236386135323835613838626630636639333436323233306331306134
37383034313932313766613865386265383232346333633962343064636361396533386639646237
62346232613735613338613038363066636133373931353765376632643834616262366433613433
37623833633265666632396566383031636536343336663766633933663531646162383438643538
62366461643437626335666565646361656462313665656162373065633631326638616164383632
38663231306564663234323363613661353964656564366633373337663861656264396131633136
65336537633737353762626636363561383037626138363934663461303133303634353033616634
31643762343563663939313164383762643365373865383964383630353534636531333938623633
35343862643536323932663162396364343633626664353338333066333736643637336161396135
32333263616636646239623332333133373465306565346631653136373032653738323230333039
64313930386261376539373531353039316431313434393866633661323831353736366639306566
65373762653663386130396430343862363535653665346661653830616233363135656538646661
65616431376161386534303834313836636535333761363632353665626536653839323666313732
37346239636537363635386265626434306438363534623835393565373765313765653761356361
34626632663131373663616561616633376666313663326232666661376235356536613165363430
34363830646664373065383239376264646235313531663866363362313232613030343637633263
37356631313935353936613239306337323836356232633431376236383339393266346337303233
64383030646365316133636530326365313461636539323331356565313132303264396233323464
31363132386235363632393738633836636336306338656139396562326164303862366666363765
66343837393663393461613638653538383563336564366437383865383862643031346430653633
32316366386564646262363536326564666134653262613462373162363233356331636337336535
36623831396261376230303063626531656561386630653130373361393832646237346136393462
36333063373435653831656262383636393461663637383863396633306438636432303365393865
36373563346439646162623338333865613736393734616135343066303330353036393234646264
35656234303335393736353164396431303235633863366434363331373632393938323065383064
31356264646665643439646363313138623964363163653863636564313032613138306232323234
61326365373066346463633830323633376431383961633461616662636634353465373432636534
35323264663464383630623831633834646630343132663661313365366431396230373763393835
30336262663564366364383831356663316561613063613661636566613664346630356162656338
35316238623362646532366561656134386534636237303634353835366236333066333563393830
64623933343461633739333462353362326166313037363030376336393866316532336536613635
31396163613864613764383366373936313862343633643162313665333933313735303135653437
61356132316531366432633138373161636130613863306631666266353563663834613830633131
36343666653537636133663130306462616466643135383231653230353366373661333338323666
34353362623637656637396230643731306334343064393933353833396636646238383661643635
61376532373564363966363061613265353961623633346162383633373864633635346535666638
61393335393137393065373161626239396166646136616132303538333937653230346437663637
61373966303661653937623534336664303964393537653962613839656639313466653465313036
38396163306563313336313565353461613237333333626361386136366365353665313533383265
36363433323331313163653332616133373466393437613562323130653232386636363139313666
36643139303264633363633966336236303139356662646532376239646230366232326264646262
32663133333666393364366465393430313862343863643233363064336536316166363061363731
37386638653537346130653830643364633566376333663636336163613837363738653635663735
32383736376163623930623061366633373233653631353861383363323834663839396332373762
32613235386431313363383263343933303738336639623163383838626634666136396663663866
39396630383536626334616662336131666533636365643034316666326439643739613166383335
66613665326431393961636465356563363733313865636362383166363936303039316262316130
38656661366236316238333966623061323333336534386363353436313136316336613238333465
62616362643163323935323339383534626161613338343831666661366565613965306235343866
38613233663132643936636230653934366165336135373739343265663338646531346235623334
63376238326330363336313034613638633932633334376537326461343930356662643434353632
63663536366364653962373336386230323636353130626537376330386561326438356431663961
32333065363632396430303564376239616531666335323032653634346635336337323335303732
32663862656637316337306561393762663462653232643633306437623861333038376135626135
32393139636234353763643063646634366532316436666666663664396664316132336662666638
39363064663332666363633430373263323734666334633132333933303230633166393030653061
37646561303633353039313635316265393666396639346630353465373636653232643561343436
35323332613863383131333466653566663466656131363033303937313338626163626661353366
39623764396435643434303463303636366337343937636233663439343732626431316136616331
62346361663532616561313439343139313737306631333031613865323763373835373862373963
64383862363066646435633266616165393662353135333238356436313463643437643939326463
62343237306431316530666636383634653337303661303462353464636538373739373165663164
34386161336363613336653466386534633162336465326136626562393036343133363436336662
33653166393565366366333630356261306638396661393265653163613439366434386431376237
37343336303836346538306630376336313635343334663464323831613362353165626338663239
37666335363136646631353137393134663232376134633234643139636539303333666232656266
63306231356637666138353638323232613234396532386266663164396262303961663763333264
32326234343033326433663361376162623366323331306637653837616164396236663362383031
34353237363934396231343364323136666234633035646234386533643638666663333539633330
33613063306663343030346438633438346433336335633962623637663434363333393437633862
63303966336138643863383934366135333330303433643331303162373361383834306236393164
33623563353865303736316531383831343863396134373662343665373861383066366630363966
38346163306238373366373935613136316665336263383538323164323564353365386365353130
65353832383930643064303533646635323466356431383062316265383838326232323764303463
31613238363737666331343562643938396537633136303265653137653732306262383032616433
64313562373362303731636261393834306161306634653636663631666338303037316161353437
66666336373531326535656637346238623133666662316337333138653630336434313938613730
37343938356365623731393334343361386565653831356437623364333830646330323533613133
38653239383135343437643464633062333331376135336234363436613231383631663935373639
61386639633731306435666332366439623833356433386434633930363039353931663365376139
65646663353263386539646364633465636435316336346363373330666638373063666133663734
37346132633330393939303138656533366533653632386433616236356365303564363732386536
64336132613166626235666362656463653562353533353664353365356638643865643866326633
37663963363134623735643432346239346162633261643961643730613366636166613332393465
63393233636664333265616237333231343663386161633666646164363836333562393563393034
31633061353839623262336662336637616163323264653961346234376530663865303936643461
39663034383531326233316162656234386631356239313063643465343639393432353537646232
33383764343532366633326661356664633561623834646438643864373634343433313336653965
61393731613762613564333831643238336438326266363664363731313362306337626537326230
33316235383262356435373031653463353830366563653032336666346136333730633737333463
38306139346333613131663134663363323933383434653866313630626464633539393033333666
30303337356638306630373163646233613734633838333134396536613039336530323461333461
64356235316535346163346665313735623834633965373836393839306634373635633637646166
65623562386532363165656464326336613037373637663331323961316637376466303839353365
34386139376533336638376331663238303762346263303630313265353838353330663736616561
30323662663234393666306432313039613162336633333462396464353432393163336338633035
64346333383266323064636238393737643831393937633836646538376164663533353564313439
36383037646530303035643266383736353738333761633132303936623863313631383735363963
36613462393161396266353532616133383634363934343363353362353734623935373938376530
36326566613538316633666236326663326162313733343836306238626231323230616161633663
34643133623335613833383633353430346466386139396133396533303366626462613734396135
38636137653063613535393138613266666466636366353838653264666132623834316262626131
37363333306537376134336130663465636565323337373566656365306564343937383065393134
31666539656664656538373239376466393632626632616634323136303034633131353934653834
38373562643232633866373831363265326565323761353934343532383535643039386263393330
34363237313532656136376263646232383937333434613961303162326438616538336435306464
38666665333634356464396565663732393836643238353233303130396435396436393839323163
65653631393462663435643066303334326635396136373530306336303363613962326535356237
63316434373239363233353462323332613265646438653961333330323961666364323732643935
30663265663331653133633164343733346531343565656137336135386165626163333562383034
35616230303435646565633438333439383666646233656531363662373562396231393362393838
62663939663466383764356130343433393764346138396163373133653566653332643066643863
38393333666130616537333664626335316264653735343966613162303139383238313033616236
65356138666563663135646562396438643539396430393463303330646661656465313236343633
39346431393262623534663738623434616562333361623763656138633930613532646665313430
33343165623936626162353335303131636433613835653361353332653435383836663864363965
62373435373035393337646661383263346231323934356436656531653265616266353138313638
63653764363634633466373434376133636330303437636534393835623032393766303234623435
39313665316266663438316236643732393333653835656332666637663564393032613232386335
36656366623338633933393137393939363762396163353231316364663462373632386265336437
64346664393030366339303538623732366165373130663639383636393139626664336432326432
38323639646666366464396234646663373234336635346463343263323263336234353466396465
34396366656331376564333136373165656334643061323637653364646462356131393235656135
34646664313761363265633566386331393631323839353363656539333461643934616539353564
31663138656263356533333633323835323632336465333235323535656663396235343830303462
34613266383436383430383432653135646530363435363233316166366639376461373764656432
65356139393738613032643934626335663861643563346236393639356334323730373833616434
62313030626663386531656665623261313764633634623935656266313438376566333865616138
31363836346436393232356639353430333962383339613562303939343038333638643266303435
62346630313432656361383731303134393430373766613966356332383337303535666639663934
61356532326231656235636665393531376333633864363337303834376334613865356364653962
65653665343532663365386437643536636137326432636534333437346338326639663435636635
33623464646135386231336166336335383963353933653532366538373665393361316465616636
31303236616234626663663030396362336433633334313462386435383033303161306137653264
64356135363134646264626233376138303533343932353032316464323533643362363662666166
30643964656332393137643339623862323461643061373039303933616266646236636565353436
35653363303234326137663061623133326563393765386334386562626139646634393331613439
64353564643632386334663039656164336265386636663536356132643230356561303262666535
32666234323337663036643462393462623061663133336561343037616165613761353537356264
62633338386637383032303166616261373163663631653932366637383565613361313366356231
31316139333234653761326135336637653262326439663736653332356666326461663630313330
38303535303763333032663363616332376536393231376563623435346130323935623930303061
35633139373661633263623734386366666636366563633064336331636337656338643236616363
66613063333165613934333734663963303035616564666331663036333064316530
