$ANSIBLE_VAULT;1.1;AES256
65643933663435633262303533383639386661626566373462343633643766326262383435643063
3432313334383434333965346463353161373761613931380a386435316134616463666633356161
66613335376435623634333033366139386464623431313161333931336434346232366365626462
3631343833376134620a336238666432343930353939353531623462353834383266623663386634
39646266393565633230383438316461656430323066303438323837363861313830333531666434
61623637653036306635373534343061623836346239326664383665346134303963333730366365
37356438366431626331663730323537633938343236626435633664626161336532623732383333
39626530346130376639396262336461303138303764646139663534386136336662326536386363
64636537303336353762626262393664323630323137313133393133353330396639376638653739
37336632623836313631663332646466653136336462663735633262393239643332616539633838
37656365383963363037303739383534353465303330643436343039366635613539663838313031
39303363316532383162
