$ANSIBLE_VAULT;1.1;AES256
36343463313035396235666561633931376330613762346233613136393066616432626134643764
6238333336393163623466306133646538353831653731630a653635636662373664383564316166
30336537313538316330623564393635313866666637356438363834613530653062353333656466
6266633036343434650a656631306133653730666332313033333066613234646663613562663130
38623735306461633661353530623965623738323030646264353764333738376562666361633564
61633239366536633461363732376132393464356332313632393262653435346336313663663762
65656538613231306439336530626565623065323836313162636461303536323531393237326366
65313936653537643161613331336537396530383464383161643266646539353165633834613463
31353661363864366538353436623164663433363762393134373431316434623533316566306462
33653531383035303461343366613430386432613562396635653565376264623033373937636638
38353664663536623362373762613836663362613737613730626632663433333438616134653230
32383031613961633536623836396535623462326635353465613961636330333033626135323337
38343531663436386130366138333132623739623134623632666464613462656233353736383339
3734333163326334613636656661636263373465643233663361
