$ANSIBLE_VAULT;1.1;AES256
32343564353837643535323835393934363363643566653762656133323561393233336662613265
3537366637306337356132396637623334376633326431350a353030333266366562353739376262
64356465653837323566356332656531623139656332386464393865306565643362623561326530
3839663732363532360a643361633530656137656133646162663264346631623837613638343834
39313236653965333162613232656237356337653731353562643433313937653230386663353334
33396132386139343239356339656439613165393139353739396434393532346531386238616234
35363035383461346139643139303437303837306236303761316365303636656533643338633332
61346138356335343464653839626562373439383435376364383330366236306334396264363064
66646139356666613234323534623165303134363739656337303333346231383635386165633032
39633262366335343339323464663966376330316666363366343064323230366666393732356561
62346530643163343466666439346265643237356435316665373464336235383538336132316130
32616336333335373335303238663161323933323563333934663738336165653832396666613733
65366662613436323737343635396334303638303462353763316234666637663238616363323861
39383032626566333433363137643038663034323337373933663463623365616235393737336239
39353832656364633466336431646663646466616363353962323262626235396130313134373136
64666232383237353234393330353139613830633237623935663831306362626133333465326666
37336537383837356362316437643531646536386466363666393031303830383932356161626366
64373636306338306337326565313539653664656262323937383165376362643638323862663836
36323937656234323133656332303336323130653738633835383334646432363839363462393661
33663037356662306531363232363736633031633239303063626464613833393739346632393139
64363739366439346339306165646239663766393938333539326264343463613961666264346166
38396462376332373535303739393232623766653563623066393462653331353065383833356436
646166343862313561306232393366306435
